-1.719902577295768717e-02,-4.591489371589529966e-02,9.161919465286264552e-01,-2.340027627885899741e-01,3.216069653644227921e-01
-1.101238277216910061e-03,2.442299913322047364e-02,-3.843526227245834814e-01,-3.198012466240141571e-01,8.656803846975263950e-01
2.187785354878326108e-02,1.759172445122070272e-02,1.010761128969050460e-01,9.176085382348424524e-01,3.833928542827813035e-01
9.960884591568319735e-01,-8.490777361391418920e-02,8.906951832336584829e-03,-2.277029278823512054e-02,-7.946633821186190050e-04
8.385774767655054807e-02,9.948751383259893943e-01,5.069185468622783297e-02,-2.111762273285350267e-02,-1.325591090954680862e-02
