7.049949171499150136e-17,-2.836438800232365942e-02,8.387632681925514255e-01,-2.680834825304230784e-01,4.730780990688158716e-01
-8.652884372946321085e-17,2.436105167066504595e-02,-5.248383430711848208e-01,-1.754585460048924406e-01,8.325656439210317172e-01
1.108518098402400238e-16,1.213925271904672809e-02,1.407238814776923808e-01,9.471670116425306984e-01,2.879654142105139703e-01
-2.029178767862063682e-15,9.992270208507055829e-01,3.489531136264245603e-02,-1.483903919959202872e-02,-1.036730255955045817e-02
1.000000000000000000e+00,2.030372205420366911e-15,-4.933671108215261521e-17,-1.313887165935077906e-16,-1.426942059895519164e-17
