-1.950925058609423099e-02,-4.461880992313971284e-02,8.764448688072060678e-01,-2.916814199681180830e-01,3.799932790583434583e-01
3.016248171680807610e-03,2.931513663913848378e-02,-4.536678744035586019e-01,-2.567816627516138484e-01,8.528658525345406138e-01
1.626533061172794753e-02,1.365775975107039186e-02,1.524204199817170424e-01,9.210107354995313855e-01,3.578493332198365295e-01
9.958270208066838380e-01,-8.867528241334125816e-02,1.151338936500255483e-02,-1.823884485574455566e-02,1.591347114131627660e-04
8.760293967619628419e-02,9.945350393286133128e-01,5.162663182507709614e-02,-1.979132519157222880e-02,-1.299133716291517304e-02
