-2.016615554547349434e-02,-4.511328348089482798e-02,8.917425928584892247e-01,-2.770552261514550585e-01,3.543919688258649336e-01
2.750799857598401101e-03,3.012320154408267003e-02,-4.192240074433195018e-01,-2.325367386626130406e-01,8.770763493471921413e-01
1.669283791752525573e-02,7.953564145007210873e-03,1.615743354628719763e-01,9.319756682685403915e-01,3.239956448083664009e-01
9.957706695301218325e-01,-8.904148189047400574e-02,1.183132516583289273e-02,-1.929201882601895568e-02,4.753532557365373890e-04
8.802205482974662099e-02,9.945178428275918137e-01,5.291628794363667510e-02,-1.470505353086870581e-02,-1.303863612586991794e-02
